20036440
20086436
20278982
20411268
20458097
20679117
20688203
20709789
20736358
20751264
20838988
21091041
21229173
21287834
2138331
22202810
22304000
22412107
22547424
22665109
22700940
22793872
22948984
22993500
23147611
23388447
23747913
23779304
23802684
23864587
23896647
24172130
24377720
24859242
25168673
25186418
25357991
25551764
25557550
26109432
26127602
26681242
26996458
27068704
27437503
27466829
27810142
27886307
28056914
28077867
28129213
28350198
28628155
28666808
28704092
28705277
28813263
30349723
30390611
30599932
30858583
31214406
31249673
31299513
31359851
31667115
31681837
31731201
31808868
31817580
31883355
31938275
32013321
32268326
32343948
32441379
32555934
32569231
32603282
32733404
33094261
33371057
33656060
33952499
34052639
34070385
34090600
34202044
34320114
34550744
35053010
35092998
35105258
35230453
35429536
35431191
35688929
35737539
35871072
35872677
35953725
35983282
35991148
36141661
36153354
36160148
36185936
36466643
36512107
36535583
36601560
36658250
36679897
36705079
36805400
36841362
36847963
36924240
37056171
37083499
37088368
37091243
37138320
37146920
37176214
37190879
37198289
37202924
37395853
37408772
37431273
37460561
37486129
37487235
37511649
37547044
37560742
37584294
37596198
37616877
37635854
37666299
37677983
37695768
37697651
37701182
37742391
37787380
37793650
37854084
37917221
38016975
38060571
38063961
38076294
38084730
38087721
38112329
38115907
38147443
38399949
38401124
38511038
38599284
38634434
38656907
38739650
38809229
38828484
38853261
38937860
38939611
39303473
39371235
39491875
39578988
39935154
39976249
40068084
40107596
40178810
40231061
40321185
40498097
40519238
40546033
40590813
40599246
40679519
41097940
41272643
41297785
41300035
41391341
41499953
41558047
41711316
41736298
41747392
41973400
41976293
42039101
42233522
42628879
42854363
43073838
43173375
43183651
43230601
43232338
43550197
43571929
43992310
44416269
45131048
45226876
45251050
45292986
45364029
45424286
45426180
45484787
45527245
45680184
45695762
45750815
45756852
45761038
45831555
45931359
46137932
46143933
46267940
46271336
46272116
46359420
46359951
46428095
46501073
46523789
46529056
46595429
46655276
46761382
47097014
47156725
47159254
47241384
47274339
47296892
47314444
47341991
47348935
47398096
47491423
47533818
47641310
47661910
47726441
47932342
48179244
48255767
48307398
48415838
48428936
48732653
49019294
49056483
49079859
49171764
49186058
49189670
49216319
49262540
49276902
49290972
49317438
49324297
49326892
49346898
49384294
49385419
49451312
50259225
50285973
50297438
50436429
50467957
50949777
50962121
51229621
51367624
51720289
52039074
52081149
52098292
52322207
52350441
52360481
52402585
52481440
52525552
52540101
52580385
52585606
52648108
52667192
52668379
52765076
52810385
52822465
52829599
52843816
52852568
52858690
52871771
52877935
52914236
53075351
53115123
53191329
53210443
53239189
53276225
53305704
53418822
53445368
53448568
53452664
53554073
53628401
53644428
53744295
53747431
53810207
53834204
53837406
53959695
53973661
53987106
54116969
54122822
54140990
54177431
54401191
54409634
54493936
54790071
54943464
54948872
54950976
55046574
55171326
55259544
55703482
55868739
56079423
56541246
57168785
57302754
62266501
62396872
62441769
62447638
62516872
62609211
62618324
62661970
62691350
62808091
62951315
62989646
63055960
63252816
63258300
63367625
63420769
63426024
63528334
63587431
63642797
63656622
63658193
63681343
63740288
63786481
63826626
64084403
64131484
64141477
64175716
64311349
64407519
64700751
64898813
65003460
65880598
66295551
66628872
66651162
66681268
66690102
66880413
67429114
67999803
68082036
68890806
68992359
71017915
71040251
71511096
71513852
71559587
71642696
71866651
71911090
72335562
72507199
73387304
73397683
73453017
73817109
73904123
74100707
74480861
74493474
75220598
76013313
76052577
76222340
77472222
79973348
80079584
82010540
82236146
82521934
82912002
83023349
83363898
83680037
83735614
83883566
84566899
84803236
85149470
85162906
85291444
85444379
85521047
85652433
85733015
85832385
85918261
85925993
85941011
85947894
86338874
86471582
86531324
86672414
86676549
87179848
87198269
87216457
87272937
87353452
87426388
87599449
87602120
87701986
87731162
87773863
87795388
87854736
87941643
88199745
88317808
88412435
88451833
88456101
88481329
88536126
88737680
88782532
88951841
88986143
89241524
89326063
89363792
89495075
89718267
89765473
89871109
89933696
89939830
90058697
90071004
90090866
90091135
90109205
90125886
90141459
90161327
90411931
90546279
90552991
90588321
90629893
90718730
90755129
90911088
90938278
91058847
91071329
91137498
91261207
91277841
91348273
91367028
91727843
91737757
91805235
91852976
92344212
92344213
92393566
92393941
92417994
92566435
92865471
92867739
92965700
92999933
93239447
93474720
93535643
93546940
93555535
93701203
93760605
93796349
93945907
93958066
93981269
94134159
94322474
94539231
94550578
94671247
94718304
94859220
94914611
94958200
94980159
95381095
95433614
95502700
95956225
96698367
96964141
97194876
97727729
97981035
98680301
99022866
99452964
99716204
99726519
99729121